.. procedure:: 
   :style: normal 

   .. step:: Go to the :guilabel:`Search Tester`.

      a. Click the {+cluster+} name to view the {+cluster+} details.
  
      #. Click the :guilabel:`Search` tab.
  
      #. Click the :guilabel:`Query` button to the right of the index to
         query. 

   .. step:: View and edit the query syntax.

      Click :guilabel:`Edit $search Query` to view a default query
      syntax sample in |json| format. 

   .. step:: Run an |fts| query against the indexed field and sort the results.

      .. include:: /includes/extracts/fts-vector-search-tutorial-queries-desc.rst

      .. tabs:: 

         .. tab:: Prefilter by AND Operator 
            :tabid: basic

            .. include:: /includes/extracts/fts-vector-search-tutorial-simple-query-desc.rst

            .. io-code-block::
               :copyable: true
      
               .. input:: 
                  :language: json

                  [
                    {
                      "$vectorSearch": {
                        "index": "vector-search-tutorial",
                        "path": "plot_embedding",
                        "filter": {
                          "$and": [{
                            "genres": { 
                              "$nin": ["drama", "western", "crime"] ,
                              "$in": ["action", "adventure", "family"]
                            }, 
                          }, {
                            "year": { 
                              "$gte": 2000,
                              "$lte": 2020 
                            }
                          }]
                        },
                        "queryVector": [-0.000622814,-0.048241068,-0.008930025,-0.034281198,0.0027468505,0.01395987,-0.028096447,-0.041475706,-0.016055113,0.0082231965,0.010545634,0.0033763698,0.009441214,-0.01688816,-0.0072954833,-0.025180778,0.029762542,-0.009239263,0.0037392508,-0.020965049,0.0009182464,0.006216307,-0.006714874,-0.008797495,-0.004818427,0.007648898,0.0009774117,-0.027490593,0.0483168,-0.027465349,0.01123353,0.02046017,-0.008759629,-0.010886426,-0.022605902,-0.0060553774,-0.009201397,-0.016193954,-0.0024944115,-0.009523257,0.017708587,0.0018648922,-0.00613742,0.006708563,-0.022113645,-0.0037739612,-0.009163531,-0.025761386,-0.030873274,0.014691942,0.022265108,-0.013682187,-0.0046417196,-0.027616812,0.008778562,-0.013278284,-0.027616812,0.0052002408,0.004080043,-0.0050172224,-0.0046417196,0.011479658,-0.0043103937,-0.016686209,-0.010015512,-0.00086381426,-0.012590389,0.011713164,0.002750006,-0.008172709,0.027894495,0.021267975,0.02350206,0.010059689,0.013631699,-0.021709742,-0.027010959,-0.004439769,-0.024978826,0.014553101,0.011075756,-0.040011562,-0.0038496929,0.011889871,-0.0023240154,0.013240418,0.0065760324,-0.002701096,-0.034912296,0.012104444,-0.018781452,0.007749873,0.008122221,0.035492904,-0.01870572,0.0023177043,-0.017721208,0.025698276,-0.021734986,-0.043167047,0.012135998,-0.007125087,-0.012451547,-0.0075668553,-0.034760833,0.0048152716,-0.003480501,0.0054400577,0.043621436,0.0027547393,-0.009308684,0.023754498,0.01265981,-0.012527279,-0.014224931,-0.029510103,0.004105287,-0.009018378,-0.0019848007,-0.015436637,0.02422151,0.027743032,-0.018162977,-0.005083488,-0.002197796,0.0045943875,-0.013227797,-0.026480837,-0.0093781045,-0.011795206,0.03150437,0.023300108,0.019564012,0.014906515,-0.023817608,0.034003515,-0.0072260625,0.009056244,-0.0048152716,-0.004439769,0.032034494,-0.0032438394,-0.004102132,-0.014262796,-0.012565144,0.004294616,0.024625411,0.026783764,0.0115617,-0.0034489462,0.017961025,0.000902469,0.014502613,-0.030772299,-0.005660942,-0.004455546,-0.027313886,0.017418282,-0.0033921474,-0.0045186556,0.006329905,0.0036351196,-0.006664386,-0.03455888,0.016332794,0.017708587,0.014489992,-0.0031823076,-0.008500879,-0.0030387328,0.003332193,0.024335107,-0.010368926,0.0095106345,-0.011763651,0.029535348,0.011807828,0.00071550644,-0.0028983138,0.013316151,-0.0129753575,0.004199952,0.0077372515,0.009321305,-0.017090112,-0.0015335662,0.00017355173,0.028979983,-0.00068513484,-0.0127607845,0.016181331,0.009706275,0.007939203,0.014086089,-0.65189815,-0.028273154,0.011814139,-0.0086523425,0.011662676,0.0058029387,-0.005632542,-0.016547369,0.006525545,0.008014934,-0.00792027,0.0078066722,-0.006519234,-0.0166231,-0.004821582,-0.015184198,0.007156642,-0.032892786,0.012167553,-0.001423913,-0.019967915,0.042384487,-0.018667854,-0.037159003,-0.012236974,0.016989136,0.010368926,-0.0085702995,-0.01175103,0.013429748,-0.016837673,0.020056268,0.030494615,0.0353162,0.04538851,-0.013164687,-0.027339129,0.034281198,0.0039506685,0.023350595,-0.0053485488,-0.005610454,0.031958763,-0.014691942,0.01007231,0.008412525,0.026581813,0.006544478,0.015045357,0.010047067,0.00044965674,-0.017998891,0.003240684,0.019463036,0.0064876787,-0.014035601,0.0047647837,0.028045958,0.030747054,0.021255353,-0.026909983,0.023779742,-0.00023133655,0.02376712,-0.017191088,0.007314416,-0.0047837165,0.040491194,0.006339371,-0.041930098,0.016724074,0.029232422,0.0022198844,0.009264506,0.022239864,0.0007778273,0.036199734,-0.010949536,0.012476791,0.0046606525,0.019728098,0.004995134,0.0032848609,0.016029868,0.03602303,-0.018693099,-0.024133155,-0.0050235335,0.0020179332,-0.010387859,0.014502613,0.0025275443,-0.031832542,-0.013669564,0.01584054,-0.0013773696,-0.016660966,0.000108075394,0.0057429844,-0.04013778,0.010331061,0.0024218354,-0.0076425867,0.004556522,-0.024802119,-0.0006125587,-0.04473217,0.0020210887,0.044454485,0.0038496929,-0.0015051668,-0.021659255,-0.014022979,-0.011441791,0.013253041,-0.017317306,0.01337926,0.03072181,0.029611079,-0.023022424,0.006878959,0.0032690833,0.0054053473,-0.01389676,-0.012419992,0.021873828,-0.015133711,0.0059133805,-0.032514125,0.008911092,0.013985113,0.008368349,0.008955269,2.0498332E-05,0.010583499,0.009106732,-0.0024297242,-0.01701438,0.035089005,-0.0127102975,-0.009012068,0.027465349,-0.008469324,0.006916825,-0.03150437,-0.0008969469,-0.0012353727,0.0035625435,-0.045312777,-0.0030119112,-0.0068284716,-0.0060995542,-0.0043230155,0.029232422,0.0077624954,-0.012356883,-0.0015674876,-0.016686209,-0.015032735,-0.019513525,0.015815295,-0.0015595988,-0.02357779,-0.00061413646,0.022593278,-0.012388438,-0.026607057,0.012110755,-0.0047837165,-0.031201445,-0.007819294,-0.019589256,-0.009782006,0.023161266,-0.004556522,0.0127102975,-0.0126282545,-0.0139472475,0.005468457,-0.005206552,-0.0015903648,-0.0044650123,-0.01389676,-0.014489992,0.004891003,0.023047669,0.036931805,0.027894495,0.004493412,0.035038516,-0.012565144,0.032665588,0.0039254245,-0.025105046,-0.0062383953,0.006550789,-0.0019674455,-0.006645453,0.017961025,0.034786075,0.025029315,-0.021318462,0.024814742,-0.012432614,0.011675297,-0.0241584,-0.003246995,-0.016370662,0.015297796,0.01740566,0.0074974345,-0.030014982,-0.0022072624,-0.014729808,-0.0043766587,0.020952426,0.024347728,-0.002448657,-0.0315801,0.0063803922,-0.007434325,0.0021820185,0.012161243,0.0056514754,-0.042460218,0.018364929,-0.00046780077,0.013303529,0.015512369,-0.014300662,0.026733276,0.0040358664,-0.014149198,0.0054337466,-0.0048594484,0.001043677,0.0013852583,-0.016244441,0.0129753575,0.0042756833,-0.0044239913,0.0018712031,0.011214597,-0.008898471,0.035593882,-0.0019406239,0.020737853,0.0027784053,-0.014919138,0.014830784,-0.011208286,0.0065318556,-0.008715452,-0.010368926,0.021406816,-0.022706876,0.013795785,0.0029219799,0.021962183,0.028525593,0.0150201125,0.00457861,-0.013530724,-0.013025845,0.04021351,0.024082668,0.021419438,-0.01298798,-0.004670119,-0.024309862,0.0042819944,-0.012085511,0.018592123,-0.04187961,0.010987402,-0.018162977,-0.0216845,-0.002964579,-0.005900759,0.02610218,0.016711453,-0.04702936,0.022302974,-0.0031901961,-0.0035909428,-0.034887053,-0.026152667,0.020321328,-0.01695127,0.01981645,-0.010299506,0.0042378176,0.023855474,0.0077814283,0.010602432,0.0011257196,0.020636877,-0.019046513,0.00779405,0.0052885944,-0.007585788,0.0062951944,-0.015903648,-0.012154931,0.011321884,0.006904203,-0.0038023605,-0.0025433216,-0.019564012,-0.021204865,-0.028146934,-0.009864049,-0.0033006382,-0.012767096,-0.0009198241,-0.017961025,-0.020699987,0.0042094183,0.015676454,0.0061752857,-0.007604721,-0.01786005,-0.03526571,0.018137733,0.1069331,-0.00088038057,0.0053832587,0.012779717,-0.022681633,-0.0011982957,-0.0022940382,-0.01942517,0.0031318197,-0.001521733,-0.0013371372,0.019652367,-0.0051907743,0.009340238,0.018112488,0.018188221,0.022151511,-0.020232975,-0.04044071,-0.014136577,-0.011776273,-0.0150201125,0.017456148,0.025673034,0.009131976,-0.021848584,-0.01987956,0.014502613,-0.0034899674,-0.0072134407,-0.02500407,0.022429194,0.010021823,-0.002750006,0.0046858964,0.019134866,0.04046595,0.026026448,0.02240395,-0.020270841,0.025092423,0.00070367334,-0.0013434481,-0.009535878,-0.00714402,-0.01948828,-0.0085702995,0.0068978923,0.024448704,0.010394171,0.028525593,-0.0045028785,-0.029838275,-0.018125111,0.023855474,-0.014224931,0.003351126,0.0021693965,-0.0026695412,-0.0057934723,-0.037058026,-0.02779352,0.022126267,-0.018099867,0.004868915,-0.0068284716,-0.0046417196,-0.00042993494,0.00031811243,-0.0073081055,-0.012514657,-0.018200843,-0.016711453,0.016850295,0.010362616,0.01948828,0.022126267,-0.00054156024,-0.022050535,0.0011059978,0.03084803,-0.024234131,0.010501457,-0.025281753,-0.004891003,0.009049933,0.019955292,0.016320173,4.437402E-06,0.0020289775,0.013152065,-0.01064661,0.031403396,0.004332482,0.0038307598,0.00058494817,0.009037311,-0.0032785498,-0.014086089,0.0009016801,-0.008380971,-0.025483703,0.013644321,-0.011631121,-0.0039191134,-0.0047174515,0.0009505901,0.016610477,-0.03811827,-0.021091267,-0.010217464,-0.020245597,0.010331061,-0.005137131,-0.0051592193,-0.004941491,0.016913405,0.027010959,-0.029510103,-0.0066517643,0.0020021559,-0.025483703,0.004338793,0.028399372,-0.0020952427,-0.00980725,0.03319571,-0.018592123,0.008740696,0.0043103937,0.007819294,0.011157798,-0.0032107069,0.0075163674,-0.044706926,0.011908804,-0.029181933,0.004559677,0.01793578,-0.021482548,-0.036527906,-0.016395904,0.007775117,-0.01701438,-0.0040705767,-0.019197976,-0.0048278933,0.0030497771,-0.0060490663,0.004531278,-0.03097425,-0.014098711,-0.0026411416,0.01981645,-0.019298952,-0.013290906,-0.02052328,-0.013593833,0.005462146,0.019210598,0.0002672302,-0.014086089,0.0061973743,0.012419992,-0.0069988677,0.013202553,-0.007377526,0.00578085,-0.03233742,0.0053485488,-0.0078445375,0.018730965,0.008892159,-0.0052633504,0.007812983,-0.0070114895,0.00072655064,-0.032438394,0.0024865228,-0.0216845,-0.0039664456,0.012874383,-0.019097,-0.018415416,-0.009062556,-0.022934072,0.022441816,0.015512369,-0.0022009513,0.01914749,0.014073467,0.0033353486,-0.0002672302,-0.0051276647,0.029156689,-0.00987036,-0.0034521015,-0.010217464,-0.0161056,0.010141731,0.009434903,-0.006468746,-0.021709742,0.0116879195,-0.002423413,0.020737853,-0.0044776346,-0.022706876,0.021924315,-0.0061279535,-0.017872673,-0.013152065,0.0024202578,-0.022921449,-0.0013915693,-0.009946091,0.009409659,0.022618523,-0.008191641,0.0055568106,0.008955269,-0.018036757,0.043924365,0.04851875,0.041425217,0.015954137,-0.011643743,-0.02324962,0.016193954,-0.0068474044,-0.00594178,0.010028134,-0.01136606,0.004531278,-0.0028004937,-0.025243888,-0.009699964,-0.023211755,-0.02163401,0.013013224,0.0033953027,0.004136842,0.003351126,-0.003344815,-0.00081174873,0.024360351,-0.008917403,0.007169264,-0.026379863,-0.023615656,-0.02890425,-0.0017686498,-0.002221462,-0.017077489,-0.014919138,-0.004234662,0.031100469,0.0075416113,-0.008557677,-0.019765964,-0.0060553774,0.034710344,0.0035562327,0.023085535,0.0027389617,0.011877249,-0.0029251354,0.003915958,0.00347419,0.02572352,-0.01934944,-0.014389016,-0.020081513,0.019021269,0.0026868961,0.035290953,-0.011088378,-0.03602303,0.00039483016,0.006733807,0.036325954,0.0020447548,-0.01981645,-0.035745345,-0.014199686,0.0017418282,-0.01474243,-0.011858316,0.002025822,-0.033877295,0.0034268578,0.005493701,-0.0050961096,0.009504324,0.0062005296,-0.02194956,0.003344815,0.005443213,-0.034281198,0.004799494,-0.0145909665,0.028828518,0.01052039,0.013745297,0.019513525,-0.020990292,0.027339129,0.0056199203,-0.01571432,3.2171165E-06,0.009706275,-0.0048342044,-0.0057713836,-0.0093781045,-0.002172552,-0.018402794,0.0024944115,-0.012350571,-0.009049933,0.021419438,0.012432614,0.005304372,0.031958763,-0.009946091,0.022883583,-0.0039632902,0.01914749,0.017329928,-0.025521569,-0.0074658794,-0.00028083826,0.0073270383,-0.02097767,-0.012419992,-0.019639743,0.0008243707,-0.0047111404,0.023817608,0.0038749366,0.00012059873,0.017191088,0.02610218,0.0034521015,0.015045357,-0.017569745,-0.023931205,0.017064868,-0.01377054,-0.038471684,-0.04175339,-0.003332193,0.030797543,0.01793578,-0.009226641,-0.0015083222,0.0017213175,-0.043621436,0.000889847,-0.037966806,0.03155486,0.0034047693,0.02143206,0.0030198,0.028727543,-0.006740118,0.009857737,-0.0084377695,-0.00597649,-0.011271396,0.016963892,0.016130844,-0.0012290617,-0.025105046,0.007333349,-0.0115553895,-0.023489436,-0.01123353,0.009668409,-0.021116512,0.0121991085,-0.0006602854,0.02824791,0.015512369,-0.0010271106,-0.011132554,-0.031049982,0.0012716608,0.019362062,-0.010305817,-0.004988823,-7.420322E-05,-0.0037329397,-0.011195664,0.01734255,0.004963579,-0.021722365,-0.010078622,-0.004215729,0.034079246,-0.013366638,0.015663832,0.026455594,0.0072765504,-0.0067969165,-0.018718341,0.012464169,-0.0026537636,-0.0039696014,-0.0067906054,-0.011568011,0.0003078571,0.00029858784,0.018617367,-0.021457303,0.0010239552,0.024347728,0.0053737923,-0.023868095,0.02857608,0.021318462,0.001890136,-0.0019264241,0.017708587,-0.017897915,0.0031649524,-0.018629989,0.011012645,-0.030317908,0.014313284,-0.007409081,0.014060845,-0.0018948693,0.010425725,0.0025133444,-0.0030671323,0.03670461,0.22214621,-0.01337926,-0.008993135,0.0005695652,-0.035543393,0.008740696,0.009308684,0.012041334,-0.012047645,-0.0062951944,-0.029585836,0.005493701,0.009851427,-0.0035877875,-0.010905359,-0.025445838,-0.026985716,0.025471082,0.0001876528,0.01655999,0.0059891124,-0.009819872,0.028778031,-0.005853426,0.013745297,-0.0046385643,-0.0012369505,-0.0074911234,0.042838875,0.021709742,-0.008147464,-0.015550234,0.010463591,0.008292617,-0.029282909,-0.016067734,0.014136577,-0.0028730698,0.012306395,0.012748163,-0.015878405,0.013808406,0.008349416,0.023022424,0.02162139,0.026253643,-0.0088669155,-0.012483102,-0.0045438996,0.023527302,-0.012426304,0.0045817653,-0.003837071,0.018226087,-0.015436637,0.007409081,0.025900228,0.0030119112,-0.00844408,-0.026329374,0.009965024,0.021141754,-0.024398217,0.019399928,0.0009174575,0.013972491,-0.03955717,0.0009931892,0.038799856,0.00438297,-0.029712055,-0.013404504,-0.015146332,-0.009952403,-0.021141754,-0.01955139,0.014060845,0.02791974,0.023792364,-0.006765362,-0.0011943514,-0.018352306,0.0011596411,0.007434325,0.0032627725,-0.004995134,0.012445237,-0.0039727567,-0.01825133,0.015184198,-0.016761942,-0.032817055,0.012300084,0.0043545705,0.0024770563,-0.0040611103,0.011050511,0.0032785498,-0.009983958,0.006468746,-0.000104821294,-0.007156642,0.009012068,0.00080386,0.0011217752,-0.0009434903,-0.01227484,0.00347419,0.0093781045,-0.018263953,0.0020557991,0.0031255088,-0.0046606525,-0.017456148,-0.000994767,0.021129133,-0.018996025,-0.011498591,0.0121991085,-0.021166999,-0.0071818857,-0.03728522,-0.007554233,-0.011504902,0.0014759785,-0.03980961,-0.0020889316,0.040314488,-0.000659891,-0.0006425358,0.009838805,-0.028525593,0.0040106224,0.00088116946,-0.014856027,0.03670461,-0.0029125134,-0.01026164,-0.023363218,-0.0038749366,-0.0015698542,0.008974202,0.03799205,0.02890425,0.023855474,-0.01759499,0.015158954,-0.006475057,-0.017998891,-0.014035601,-0.04326802,0.0020400216,-0.0027089845,0.0011856739,0.011265084,-0.0072828615,-0.014603589,-0.024335107,0.019829074,0.035821076,-0.010987402,0.030797543,0.0131394435,-0.036729857,0.0038812477,-0.0047868723,-0.15752186,0.0018459592,0.031024737,-0.019437794,0.020409683,-0.0039033361,0.019122245,-0.006001734,0.0017055401,0.005272817,0.014060845,0.002637986,-0.043167047,0.011025268,-0.0025496327,0.014300662,0.005512634,0.012016091,0.025698276,0.013480236,-4.9600294E-05,0.0058597373,0.002977201,0.034634613,0.016686209,0.006282572,-0.0049320245,-0.016534746,0.002166241,0.0044492353,0.0013410815,-0.01948828,0.007888715,-0.008261062,0.006708563,0.0053169937,-0.0038591593,-0.009239263,-0.015158954,0.021709742,0.013694809,0.003707696,0.02812169,-0.012016091,0.0075037456,0.035089005,-0.002767361,-0.00070446223,0.019627122,-0.029661568,0.020838829,-0.007629965,-0.012161243,-0.0055536553,0.041399974,0.009239263,-0.007383837,0.00863972,0.013227797,-0.017254196,-0.0028225821,-0.00412422,-0.01825133,-0.022479681,-0.03175681,-0.021179622,-0.0040926654,0.029535348,-0.029585836,0.009706275,0.006878959,-0.006702252,0.02578663,-0.0276673,0.0005336715,-0.004960424,-0.003597254,0.009800939,0.016156089,0.012451547,-0.012110755,0.032665588,-0.0076804524,0.008450391,0.033372417,0.008463013,-0.02025822,-0.027162421,-0.035366684,-0.022984559,0.0019863783,-0.017140599,-0.033397663,0.017620234,-0.013669564,0.028879007,0.024865229,-0.026253643,0.033978272,-0.0050992654,0.007869782,-0.013682187,-0.0086523425,-0.0013907804,0.028778031,0.010267951,0.0104004815,0.012937492,0.023943827,-0.008122221,-0.006550789,0.0040484886,0.020422304,0.0161056,0.0031333975,0.006358304,-0.023804985,-0.013000602,0.0032249065,-0.0024013247,0.04902363,0.020737853,-0.01623182,-0.0047174515,-0.011403926,-0.018932914,-0.099208474,-0.016875539,0.011012645,0.023603035,0.012476791,0.03216071,0.0057177404,0.010741274,-0.003824449,0.026783764,-0.013682187,-0.039128024,-0.013202553,-0.014060845,0.007314416,-0.005007756,-0.010444658,-0.021533035,0.013644321,0.009106732,0.002701096,0.0092960615,-0.00028951582,-0.027364373,-0.024070047,-0.016055113,-0.03534144,0.0065760324,0.023691388,-0.0113408165,0.01604249,-0.011176731,0.011176731,-0.0030545103,-0.005086643,0.00850719,-0.004591232,-0.0022545946,0.03910278,-0.021835962,0.0030481995,-0.0011572745,0.004922558,-0.033145223,0.013745297,-0.009914537,-0.008021245,0.014489992,0.01987956,-0.024461327,-0.020624256,-0.00824844,-0.030418884,0.011164109,0.0051276647,-0.018478526,-0.009409659,-0.0053927256,-0.0014712453,0.014906515,-0.018819317,-0.01649688,0.010551944,-0.0019248464,-0.012735541,-0.01435115,-0.00668963,-0.004199952,0.029661568,-0.0070304223,-0.0061405757,0.0032848609,-0.01272923,0.018554257,-0.03680559,-0.0010176442,-0.019273708,0.0056199203,0.015512369,-0.027818764,0.001393147,-0.019109622,0.002652186,-0.028323641,0.022782609,-0.005468457,0.0055536553,-0.0072323736,0.02279523,-0.039329976,0.003609876,0.022227243,-0.007364904,0.014957003,-0.018806696,0.017127978,0.017241575,-0.015815295,-0.026733276,0.012773407,-0.0070935325,-0.0028083825,-0.07401507,0.019652367,0.0123316385,0.014048223,0.01188356,-0.0008843249,0.02176023,-0.025508948,-0.007983379,0.0024959894,0.017544502,0.028651811,-0.017430903,-0.01948828,-0.012344261,-0.009125665,-0.0018017824,-0.0025338551,-0.0021252197,-0.032488883,-0.026834251,0.018162977,0.010078622,0.00044097914,-0.0047426955,0.015285173,-0.0072071296,0.014212308,-0.016320173,-0.009283439,0.03150437,0.0027279176,0.010059689,0.0011438637,0.012552523,-0.025534192,-0.02130584,0.014666698,-0.006093243,0.046221558,0.005929158,-0.011246151,0.018074622,-0.02058639,0.004370348,-0.004297772,-0.015499746,0.01214231,0.030595591,-0.010596122,0.011284018,0.0088669155,-0.0011951403,-0.030368395,-0.0015296218,-0.022164132,0.06255435,-0.029207177,0.021204865,-0.023539925,0.026127422,-0.0057776948,0.023628278,-0.0072765504,-0.004032711,0.011025268,0.0011580633,0.004982512,-0.008696519,-0.00935286,-5.3939086E-05,-0.014389016,0.0068158493,0.032766566,0.0016645188,0.012741852,0.012779717,0.010425725,-0.021911694,0.0046795853,0.015335661,-0.013429748,-0.034508392,0.026076935,0.0037487173,-0.0077814283,-0.024044802,0.004345104,-0.002172552,-0.001589576,-0.015827917,-0.0012156509,-0.02389334,-0.010526701,-0.002951957,0.013985113,-0.009693652,-0.007528989,0.03708327,0.010463591,-0.003824449,-0.025925472,-0.0013978803,-0.020990292,-0.025243888,0.003430013,-0.0137326745,-0.011467036,-0.034634613,0.017569745,-0.006481368,0.0020321328,0.0040358664,0.0063172826,-0.013227797,0.018756209,0.007528989,-0.032615103,-0.014212308,0.030747054,0.016534746,0.018327061,0.014717186,-0.028222665,0.008469324,0.020397061,0.030014982,0.013202553,-0.008917403,0.0055568106,0.005787161,0.002497567,-0.039405707,0.009087799,-0.0045502107,-0.00882905,-0.030494615,0.013934625,-0.03216071,0.049629483,0.015461881,-0.005566277,0.0075416113,-0.0028446706,0.05076546,-0.010917981,-0.0010349994,0.00017838356,-0.0057461397,-0.013189931,-0.020119378,0.0034394795,0.012539901,-0.013795785,0.020220354,0.0063362154,0.008671275,-0.019980537,-0.00046780077,0.012419992,-0.014338528,0.05331509,-0.0045691435,-0.02837413,-0.01649688,0.028071202,-0.0025748764,-0.009359171,-0.01967761,-0.014969625,-0.011801518,-0.032968517,-0.0022971937,0.013492858,-0.01793578,0.020750476,-0.012962736,0.010255329,0.02207578,0.005301216,0.022101022,-0.016610477,-0.0026253643,0.0076993858,0.021734986,0.00010620182,-0.0069862455,-0.010034445],
                        "numCandidates": 100,
                        "limit": 10
                      }
                    }
                  ]

               .. output:: 
                  :language: javascript

                  _id: ObjectId('573a13bbf29313caabd5520c')
                  plot: "Follows the adventures of Aang, a young successor to a long line of Av…"
                  genres: Array

                  _id: ObjectId('573a13c8f29313caabd77e87')
                  fullplot: "FANTASTIC FOUR, a contemporary re-imagining of Marvel's original and l…"
                  imdb: Object

                  _id: ObjectId('573a13b6f29313caabd47403')
                  plot: "A teenager with teleportation abilities suddenly finds himself in the …"
                  genres: Array

                  _id: ObjectId('573a13baf29313caabd517c1')
                  fullplot: "An American teenager who is obsessed with Hong Kong cinema and kung-fu…"
                  imdb: Object

                  _id: ObjectId('573a13bff29313caabd5e024')
                  plot: "The young warrior Son Goku sets out on a quest, racing against time an…"
                  genres: Array

                  _id: ObjectId('573a13bff29313caabd60297')
                  plot: "The young warrior Son Goku sets out on a quest, racing against time an…"
                  genres: Array

                  _id: ObjectId('573a13baf29313caabd506e4')
                  fullplot: "Nick Fury is director of S.H.I.E.L.D, an international peace keeping a…"
                  mdb: Object

                  _id: ObjectId('573a13b2f29313caabd385df')
                  fullplot: "This is the story of a young boy who moves to a small town after the d…"
                  imdb: Object

                  _id: ObjectId('573a13b8f29313caabd4d944')
                  plot: "A teenager discovers he's the descendant of a Greek god and sets out o…"
                  genres: Array

                  _id: ObjectId('573a13bdf29313caabd5950a')
                  fullplot: "When his lightning bolt is stolen, Zeus accuses Poseidon's son Percy J…"
                  imdb: Object

         .. tab:: Prefilter by OR or AND Operator
            :tabid: advanced

            .. include:: /includes/extracts/fts-vector-search-tutorial-advanced-query-desc.rst

            .. io-code-block::
               :copyable: true
      
               .. input:: 
                  :language: json

                  [
                    {
                      "$vectorSearch": {
                        "index": "vector-search-tutorial",
                        "path": "plot_embedding",
                        "filter": {
                          "$or": [{
                            "genres": { "$ne": "Crime" }
                          }, {
                            "$and": [{
                              "year": { "$lte": 2015 }
                            }, {
                              "genres": { "$eq": "Action" }
                            }]
                          }]
                        },
                        "queryVector": [0.012847425,-0.013539111,-0.0098437155,-0.0092480965,-0.01648518,0.028359123,-0.0066670836,-0.016331473,-0.012130122,-0.028845863,0.0011375991,0.004838599,0.028461594,-0.030485416,0.025758896,-0.002027024,0.028359123,-0.017189676,-0.0006952884,-0.00017312162,-0.015562933,0.017906979,0.0047425316,-0.024913501,-0.00023196296,-0.0062668025,0.034584295,-0.0155501235,0.02774429,-0.010496974,0.024375524,-0.013334167,-0.001051939,-0.018829228,-0.021813724,-0.029435078,0.0068912413,-0.02620721,-0.000596419,-0.011976413,0.016805407,0.0019149452,-0.001961378,0.0005868122,-0.003797868,0.0072242753,-0.018265631,-0.009920569,-0.032073732,-0.007166635,0.024529232,-0.00492506,-0.009004726,0.0066542746,-0.012636077,0.012194166,0.010983716,0.010772368,0.011233492,-0.019738667,0.0023328387,0.002115086,-0.008479557,-0.009254501,-0.019713048,0.006343656,-0.005658375,0.015153045,0.005283712,0.003413598,0.026104739,-0.01042012,-0.0077558486,-0.005658375,0.03376452,0.013513493,-0.013756864,0.0071410164,0.006840005,0.001681181,0.015665404,-0.036633734,-0.0035576993,0.038273286,0.028102942,-0.005373375,-0.0018797205,0.032458,-0.027283166,0.0076661855,-0.011073379,0.008466748,0.014525404,0.019751476,-0.0013609561,-0.005415004,-0.0020494398,0.014397314,-0.002012614,-0.021583162,-0.020276645,0.006763151,0.0006700707,-0.002914047,-0.01776608,0.0017996642,-0.009075175,-0.0022511815,0.04029711,0.00028620104,-0.015511697,0.017906979,0.014461359,-0.044933967,0.003168626,-0.013244504,0.02185215,-0.009997423,0.0055366894,0.018816419,0.02915328,0.01587035,0.0028371932,-0.008838208,-0.00039107472,0.030639123,-0.014896865,-0.008722927,-0.0005259695,-0.018342486,0.0034328115,-0.014217989,0.027769908,0.008851018,-0.03911868,-0.00029600796,-0.003785059,0.0009390597,-0.008005624,-0.01285383,0.026950132,0.009914164,-0.014230797,-0.01521709,0.009830906,0.009894951,0.009235288,0.016164957,0.009587536,-0.019251924,0.018342486,-0.008991917,0.03143328,-0.014538213,0.017061586,0.017061586,-0.017868552,0.028359123,-0.020955522,-0.0059850044,0.012866639,0.0050979815,-0.01483282,-0.006343656,0.0046880934,0.027283166,0.0093633775,0.004271801,0.008793377,-0.00997821,-0.009203265,0.027052604,-0.018560238,0.03796587,-0.003733823,-0.0017564339,-0.0015010545,0.027769908,-0.016152147,-0.0007285118,-0.0462661,-0.0030165191,0.02045597,0.030101147,-0.0133725945,-0.0100038275,0.0032582888,0.0074228146,-0.00844113,0.018086305,0.019520914,0.00016751768,-0.011118211,-0.0030821653,-0.6791843,-0.0040508457,-0.0023472488,0.0076149497,0.006439724,0.019725857,0.019239115,0.0018060688,0.0044351155,0.005158824,0.002233569,0.018509002,0.005005116,-0.022671927,-0.0016363495,-0.02071215,0.02442676,-0.0343025,0.010663491,0.0011824307,-0.014358887,0.020827431,0.0009902957,-0.01368001,0.0055847233,-0.0019581756,0.023709456,-0.010189558,-0.007922365,0.01547327,-0.021032374,0.02237732,0.010721131,0.029050808,0.057589255,-0.017919788,-0.018982936,0.024542041,0.01157293,0.007960793,-0.02559238,-0.001353751,0.0013937792,0.0105994465,-0.0025842155,-0.009113602,0.0081016915,-0.00206385,0.008063264,-0.008671692,-0.0024913503,-0.0025137658,0.0023248333,-0.01571664,0.007166635,-0.024887884,0.023683839,0.014615067,0.018342486,-0.008306636,-0.020033274,0.0047041047,0.010509783,0.0024465187,0.0005255692,0.041987896,-0.01343664,0.030792832,0.0050883745,-0.022684736,0.027974851,0.026898896,-0.006375679,0.0072819158,0.005927364,-0.011367986,0.027795527,0.003002109,0.011182255,0.0010599446,0.003746632,-0.010817199,-0.012059672,-0.00585051,0.022582265,-0.011009334,0.0014233999,0.027334403,0.005504667,-0.0036025308,-0.0027026986,0.029178899,-0.015012146,-0.024209008,0.008338658,0.0016115321,0.011790683,0.010336862,0.019892374,-0.039451715,-0.0085371975,0.002436912,-1.589867E-05,-0.007723826,0.004258992,-0.00311739,-0.00076133484,0.007506073,0.045343854,-0.029050808,0.011432031,0.009549108,-0.0054726447,0.0035192722,-0.0039996095,-0.024055298,0.0077686575,0.00851158,0.038068343,-0.0404252,0.0073459605,0.0035897219,0.018560238,-0.008453939,0.000121385274,0.018111924,-0.04234655,-0.010977312,-0.018880464,0.00767259,-0.009055962,0.0033431486,0.013020347,-0.010471356,0.014282033,0.004889835,0.010535401,0.0067759603,0.020750577,0.02073777,-0.024580467,0.015998438,0.0014538213,-0.009824501,-0.011604953,-0.00703214,0.0020078104,-0.013334167,-0.032176204,0.0043006213,0.0020846645,-0.005968993,-0.009196861,-0.011733042,0.001558695,-0.00575124,-0.009312142,-0.015652595,-0.02607912,-0.019482486,0.012078885,0.02442676,-0.013718437,0.025758896,-0.007909557,0.0046016327,0.0018541025,0.014512595,0.0047969697,-0.031125866,-0.0014794393,-0.023952827,-0.021711253,-0.0072562974,-0.013641583,0.00818495,-0.014858438,0.002579412,-0.035378452,0.006167533,-0.02173687,-0.010785176,-0.001481841,-0.010906862,0.00351607,0.013551921,0.027129458,0.017189676,0.0067695556,0.034968566,0.0009918968,0.03197126,0.018867655,-0.0010871637,-0.0047777565,-0.025605187,0.023466084,0.027974851,0.015140236,0.015242708,0.003913149,-0.009901356,0.020379117,-0.013820909,0.009536299,-0.045062058,-0.009888547,-0.024644513,0.00034544268,0.011239896,0.00220635,-0.024080917,0.0025826143,-0.010452143,-0.003053345,0.021006757,0.0034296094,0.015819114,-0.021929005,-0.011803492,0.0033847778,-0.019392824,-0.009004726,-0.0052420828,-0.014871247,0.025682041,-0.00068328,0.0065101734,0.0026994965,-0.032381147,-0.019392824,0.009600344,-0.008229782,0.014294842,-0.0069744997,-0.023312377,0.015050573,-0.022543836,0.0020302262,0.010458547,0.0040508457,0.022185186,0.030024292,-0.025464289,0.025835749,-0.0040348344,-0.0006916859,0.009075175,-0.031535752,-0.00043070258,-0.027155077,0.018726755,-0.0010487367,0.003941969,0.018739564,-0.012860234,0.009625962,-0.0075445,0.022057096,0.02276159,0.002027024,0.008646074,0.0014065881,-0.003682587,0.024708558,-0.0041373065,-0.008460344,-0.0013593549,-0.0036889915,-0.0187908,-0.0214935,-0.012232593,0.0040828683,-0.022313274,0.0058569144,0.015511697,-0.026284065,0.0060490496,0.029947437,0.014397314,-0.022274848,0.0060106223,0.016305855,0.02137822,-0.0028307887,-0.017625181,-0.01547327,-0.0070129265,-0.020520015,-0.010913267,-0.013308549,0.0045471946,0.0069616907,-0.008076074,0.013282931,0.006737533,0.022236422,-0.020161364,0.015691023,-0.024542041,8.495968E-05,0.008889445,-0.008268208,-0.03186879,0.012174953,0.00059481786,-0.009331355,-0.017573945,-0.01221338,-0.010061468,-0.019482486,-0.0048418012,0.00649096,-0.0050819702,-0.0017756474,-0.02069934,-0.012354279,0.02623283,0.018713947,-0.002464131,-0.0025617997,-0.008831805,-0.032329913,-0.005635959,0.111591995,0.0045728125,0.018201586,0.01433327,0.023760691,-0.0089727035,-0.037171714,-0.014294842,0.012648886,0.012975515,0.0018749172,-0.009421018,-0.009946187,0.009952592,0.016229,0.012315852,0.0051652286,-0.009030344,-0.0014546219,-0.013013942,0.019200688,0.009811693,0.011918773,0.012110908,-0.021429455,-0.009606749,-0.005418206,0.018240014,-0.01157293,-0.021916196,-0.013974617,-0.01189956,-0.004659273,-0.0016235405,0.022057096,0.016152147,0.0042782053,0.021557543,0.037094858,-0.01029203,0.03545531,0.016920688,0.0045375875,-0.033713285,0.013218886,-0.0055591054,-0.004271801,0.024080917,0.006731129,-0.034097552,0.049314644,-0.0041853404,-0.023248332,0.0029588786,0.015614169,0.007685399,0.03148452,0.013641583,0.009350569,0.020686531,-0.031049011,-0.03161261,0.004989105,-0.025656424,0.009690007,-0.026770806,0.0025489908,0.0036249466,-0.039938457,-0.0105994465,-0.013795291,-0.026770806,-0.003849104,-0.019072598,0.007442028,0.0058056787,0.016587652,-0.030895304,-0.014589449,0.0029668843,-0.006916859,-0.010452143,0.015665404,0.0070001176,0.0074484325,-0.0013961808,-0.0017116024,0.012078885,-0.014640685,-0.010356075,0.0016827822,0.02787238,-0.029230135,-0.028205415,-0.0013641584,-0.017228102,-0.010797986,0.011438436,0.0004303023,0.0033047216,0.007531691,-0.020097319,-0.027846763,0.00074772525,0.002270395,-0.008639669,-0.010778772,0.0029989067,-0.037427895,-0.005389386,-0.010791581,-0.022595072,0.0027042998,-0.0041629244,0.010740345,0.015819114,0.011079784,0.013590347,0.03514789,-0.03235553,-0.013449448,-0.025182491,0.032022495,0.03081845,-0.015050573,-0.0057416335,0.022928108,-0.007992815,-0.0076533766,-0.0071794437,-0.025336199,-0.0104841655,-0.0011600149,-0.00048233883,-0.033610813,-0.011111806,-0.0094082095,0.014602258,-0.025349008,-0.019853948,0.0039996095,-0.016690126,-0.006529387,-0.01905979,-0.0050467453,-0.029896202,-0.012226189,-0.007608545,-0.0121365255,0.025669232,-0.013654392,-0.018585857,-0.011137424,0.02236451,-0.0020990747,-0.04644543,-0.0224926,-0.0010287227,0.018957317,0.017561136,0.021019567,-0.04144992,0.01151529,-0.0019421644,-0.016011247,-0.0017436249,-0.006302027,0.0013513493,-0.02992182,0.03417441,0.025156872,0.020174172,-0.002015816,0.008172141,0.0041629244,0.013769673,0.015332371,-0.014602258,-0.0058312966,-0.016959114,0.0077814665,-0.010157536,-0.00037606418,-0.006385286,0.007646972,-0.018022262,0.031279575,-0.0075509045,0.00767259,-0.0069104545,0.0085371975,-0.035224747,0.010669895,-0.010868435,-0.008780568,0.0054342174,-0.0035993285,0.0016571642,0.013782483,0.037940253,0.014781584,0.015447652,-0.014077089,-0.0041501154,-0.006289218,0.029819349,0.0009718827,-0.027308784,0.009190456,-0.0071218032,-0.011707424,-0.040092167,-0.011611357,-0.019136643,-0.017881362,-0.0016163355,-0.014602258,0.008921468,-0.005616746,-0.030229237,0.0061034877,-0.0008389894,0.044395987,0.010195963,0.034738004,-0.00010112104,-0.028307887,0.0047841608,0.037940253,0.021724062,-0.010471356,0.001302515,-0.010682705,0.01285383,-0.0017660407,-0.019239115,-0.015140236,-0.022812827,-0.034942947,0.008998321,0.015998438,0.007864725,-0.022300467,-0.0149993375,-0.01941844,0.022710353,-0.018457767,-0.0096836025,0.0056007346,-0.024490805,-0.013282931,0.005555903,0.0065229824,-0.008024838,0.014794393,-0.0021439062,0.019034171,-0.0040700594,0.005696802,0.0007301129,-0.0047425316,0.030408561,0.005085172,0.0049218577,0.012405515,-0.013603156,0.013154841,0.00222076,-0.010400906,0.022223612,0.008671692,0.00162274,-0.01311001,0.015370798,-0.0031398057,0.027769908,-0.0039067445,-0.011380795,-0.02212114,-0.0055975323,0.013718437,0.016408326,-0.02264631,-0.0043966887,-0.02057125,-0.0044959583,-0.024862265,-0.004326239,0.0004731324,-0.010080682,-0.012373492,-0.0037114073,-0.0009894951,-0.006097083,0.012847425,-0.013308549,-0.0059465775,0.039656658,-0.028154178,-0.0054982626,0.01060585,0.017830126,-0.029076425,0.0041277,0.008767759,-0.0077558486,0.016152147,-0.006833601,-0.028820246,-0.00485461,-0.010234389,0.0006820792,-0.010317648,-0.013654392,-0.002478541,0.019380014,0.008146523,-0.02429867,-0.018316867,0.008620456,0.0029412662,-0.010541806,0.020430353,-0.02148069,0.012559223,-0.0039547784,0.019982038,-0.0022287657,-0.02876901,-0.0110349525,-0.0031398057,0.002657867,-0.00639169,-0.013872145,-0.0037178118,-0.018906081,-0.011066974,0.015012146,0.008069669,-0.013359785,0.029230135,0.026898896,-0.01003585,0.021519117,0.0120660765,-0.014896865,0.002681884,-0.024068108,-0.011720234,-0.029255752,0.004867419,0.021186084,0.003040536,-0.016600462,-0.007147421,0.018765183,-0.047777563,-0.016433945,0.011566525,0.019021362,-0.0019229508,-0.010682705,0.003066154,0.033226542,-0.0055847233,0.008678096,-0.011284728,-0.040450815,-0.01221338,0.02057125,0.01662608,0.033662047,-0.016062483,0.0049730935,0.012450347,0.0010615457,-0.0018300856,0.00020614482,-0.008210568,-0.002886828,-0.017100012,0.011784279,-0.01994361,-0.0104841655,0.014256415,-0.017176867,0.0037434297,0.009459445,-0.0082554,-0.006097083,-0.01970024,0.017676417,-0.009670794,0.016984731,-0.019162262,-0.015780685,-0.013897764,-0.0014538213,0.015524506,-0.018624283,-0.009856524,0.019777093,0.0005151619,-0.023632603,-0.012712931,0.021429455,-8.465947E-05,-0.004275003,-0.00042469834,-0.006385286,0.030357325,0.012815403,0.009023939,-0.03517351,-0.0055751167,-0.0013337369,0.017932598,-0.012347874,0.02506721,0.007832702,-0.016100911,0.010823604,-0.021583162,0.0054470263,0.00035524956,-0.033047214,0.010202367,0.0039739916,-0.008729332,-0.0026162378,-0.0007925568,-0.010682705,0.023940017,-0.015422034,-0.013154841,0.0079864105,0.23732512,-0.011079784,0.005507869,0.009113602,-0.008389894,0.010996525,0.026386537,0.008678096,0.0076533766,0.007595736,-0.0016475574,-0.00908158,-0.000936658,0.0042397785,-0.0036601713,-0.0007533292,-0.03998969,0.0027779515,-0.012520796,-0.036223847,0.025899794,-0.007896747,-0.009773266,-0.03289351,0.019674622,0.0037050028,-0.016395519,-0.009805288,0.018624283,0.028333504,0.010708323,-0.011528098,0.01118866,-0.01970024,-0.023542939,-0.007698208,0.028333504,0.0010527396,-0.006500567,0.016754169,0.022800017,-0.005389386,-0.0036985984,-0.0043070256,0.010612255,0.043038234,-0.0006068263,-0.000100720754,0.00087021134,0.012194166,-0.025015974,-0.0028435977,-0.0024481197,0.02609193,0.0041853404,0.011835515,0.0076918034,0.018355295,0.004672082,-0.017330574,-0.0037882612,0.017317766,-0.0010839615,0.03904183,-0.005539892,0.033841375,-0.0003884729,0.016472371,0.022902489,-0.011483267,-0.0039803963,-0.020225408,-0.013026752,0.01406428,-0.013116415,-0.02008451,0.007883938,0.010336862,0.0023408444,0.0187908,-0.009690007,-0.002963682,-0.0048514083,0.019367205,-0.02800047,-0.048494868,0.011278323,-0.012507987,-0.012245403,-0.015575742,0.009164838,-0.012719335,0.0053189364,-0.017407428,0.033687666,0.008287422,0.01419237,0.033329014,0.0073203426,-0.0073715784,-0.007749444,-0.007935175,0.014884056,0.005296521,-0.024106534,0.0012240598,-0.0085371975,0.001706799,0.005658375,-0.007211466,-0.015229899,-0.033508338,-0.017535519,0.0051908465,0.02071215,0.0029716876,0.0049859025,-0.031996876,0.006814387,-0.021800915,0.016254619,-0.009312142,-0.00081177027,0.021416645,0.0039707893,-0.016229,-0.004310228,0.009837311,0.017228102,-0.02303058,-0.0048033744,-0.030254854,0.0025105637,-0.0049186554,-0.012463155,0.021109229,0.013500684,-0.0146791125,-0.0029828956,0.03168946,0.012661695,-0.006289218,0.011047761,0.0042397785,0.018957317,-0.029435078,0.04885352,0.007570118,-0.021621589,-0.00234885,-0.026745189,-0.009011131,-0.006814387,-0.00970922,0.011432031,-0.017074395,-0.034481823,-0.024670132,-0.003785059,-0.008018433,-0.029998675,0.013564729,0.007275511,-0.0063692746,-0.023299567,0.00787113,-0.16313541,0.005040341,0.0314589,-0.009862929,0.012905066,-0.015780685,0.027334403,-0.004720116,-0.009625962,-0.0015178663,0.012642481,-0.0034584296,-0.02276159,-0.010983716,-0.01029203,0.011022143,-0.003977194,0.017164057,0.0038779243,-0.0014442146,0.027129458,-0.0119059635,-0.00024377125,-0.0028804236,0.009299333,0.013526302,0.02137822,-0.015140236,0.0028051706,-0.005962589,-0.010023042,-0.024132153,0.000117382464,0.0012472762,0.005876128,0.00454079,-0.005171633,0.0054021953,-0.0022671928,0.014807202,0.010311244,0.019264733,0.0070129265,0.0001883323,0.00023016169,0.023222715,0.00671832,0.0018589059,0.00071290083,-0.011380795,0.0015218691,-0.01777889,-0.011758661,-0.004521576,0.024887884,0.020443162,0.014346078,0.024567658,0.000567999,-0.013744055,0.0015058579,-0.0052580936,0.02250541,-0.01944406,-0.016587652,0.014461359,-0.0125015825,0.018765183,-0.028615301,-0.0008049655,-0.008165737,-0.02543867,0.0069040502,-0.011873942,-0.0037882612,0.023222715,-0.010298435,-0.0050371387,0.008761355,0.016984731,-0.0036217442,0.028307887,-0.019815521,-0.0034296094,-0.006417308,0.013564729,0.011252705,-0.014551022,0.015229899,-0.013513493,-0.0030917719,-0.0006148319,-0.020481588,-0.02069934,0.017304957,0.026309682,0.012424729,0.000104473394,0.033405866,-0.008473152,-0.0040636547,-0.0008277815,-0.009914164,0.017330574,0.032253057,-0.004774554,0.009958996,0.01496091,0.031791933,-0.019982038,-0.0006620651,0.022902489,0.006452533,0.013846527,-0.0010791582,0.0077174213,-0.0051139924,-0.01246956,0.010311244,-0.003925958,0.04206475,0.019674622,-0.021467881,-0.00428461,-0.0055655097,-0.00093185465,-0.11620323,-0.0056647793,-0.014256415,0.014743157,-0.010823604,0.02313305,-0.013526302,-0.005133206,0.005539892,0.016446754,0.0056135436,-0.03517351,-0.015370798,-0.00703214,0.010452143,0.0006020229,0.007051354,-0.0021391027,-0.012911471,0.0213526,-0.0050243298,-0.011047761,-0.015293944,0.0061034877,-0.019328779,-0.0015883158,-0.038964972,0.014461359,-0.00741641,0.013795291,0.010330457,-0.020020464,0.033277776,-0.011611357,-0.0046240482,0.007980006,-0.018957317,0.009696412,0.020494398,-0.03030609,0.01649799,0.0019181476,-0.004387082,-0.050954197,-0.005005116,-0.0012208576,-0.0016475574,-0.0027507325,0.028333504,-0.013385403,-0.004105284,-0.008357871,-0.0363007,-0.017279338,0.027180694,0.0018701138,0.015755069,0.0010639474,-0.01246956,0.005043543,0.0073971967,-0.008216972,-0.019905183,-9.086383E-05,-0.0044159023,-0.004595228,-0.027180694,-0.00045832197,0.014346078,-0.025041591,-0.00039207542,0.003027727,-0.0031237944,0.013218886,-0.019482486,0.015819114,-0.013961808,-0.019508105,-0.003605733,-0.038580704,-0.014115516,-0.024388332,0.026130356,-0.030126764,0.0010863632,0.013142033,0.0020446363,0.0029316596,-0.007083376,-0.007813489,-0.00061803416,-0.007403601,0.009491468,-0.014205179,-0.0073395562,0.004527981,-0.011681806,0.00020044082,0.017586755,-0.00025177686,-0.018252824,-0.002603429,-0.039374862,0.030920923,-0.001898934,-0.015434843,0.00050915766,-0.024875075,0.0163699,-0.021416645,-0.0068912413,-0.0034103957,-0.009875738,0.015614169,8.210768E-05,-0.0026258447,0.007973601,-0.016587652,0.0077174213,-0.002630648,0.009356974,0.006532589,0.0010087086,-0.010785176,-0.006929668,0.007922365,-0.0073075336,-0.008991917,-0.022915298,0.008646074,0.011438436,-0.015524506,0.005373375,-0.03184317,-0.0007777464,0.0072178706,0.012841021,-0.016459564,0.02005889,0.0037402275,0.010042255,0.053285435,-0.030511035,-0.013334167,0.0214935,-0.044421606,0.005488656,0.011560121,-0.028102942,0.007845512,0.03924677,0.0176508,0.036044523,0.022313274,-0.00311739,-0.019213498,-0.020379117,-0.021826534,0.007166635,-0.007326747,0.018842036,-0.0014314055,0.020545634,-0.025489906,0.019469677,0.0007557309,0.018982936,0.0012224588,0.0070769717,0.016075293,-0.0039932053,-0.015524506,-0.011131019,-0.011950796,0.019597767,0.0032342721,-0.006161128,0.020686531,-0.0026338503,0.008998321,-0.021647207,0.028973954,0.0070065223,0.009901356,-0.012059672,0.0145638315,0.028794628,0.018393721,-0.009875738,0.013513493,0.009203265,0.008402703,-0.006615848,0.015639788,0.009023939,0.005376577,-0.011624166,0.019930802,0.004419104,-0.022441365,0.038452614,0.013590347,-0.010682705,-0.0098437155,-0.0057032066,-0.0136928195,-0.016472371,0.007493264,-0.009504276,-0.021275746,-0.009786075,0.029306987,0.026898896,0.0031237944,0.013193268,0.013667202,-0.005286914,0.028333504,0.014717539,-0.00913922,-0.031049011,0.030895304,0.0052516893,0.015511697,0.028205415,-0.012251806,-0.006065061,0.0016139338,0.004377475,0.017381812,-0.0065582073,-0.004275003,0.001578709,-0.013551921,-0.025720468,0.010093491,0.0037818567,-0.025477098,-0.012194166,-0.0039739916,-0.04180857,0.037171714,0.009875738,-0.010272817,-0.007480455,-0.011553717,0.040245872,0.002707502,0.017906979,-0.006196353,-0.009862929,0.013859336,-0.025720468,0.028871482,-0.0045055654,-0.017894171,0.010509783,-0.003272699,-0.006273207,-0.0010959699,0.015409225,0.010336862,0.012238998,0.048418015,-0.0032951147,-0.02122451,-0.01060585,0.030024292,-0.0074356236,-0.0078070844,-0.019777093,0.009734838,0.008409107,-0.038145196,-0.009062367,-0.0040348344,-0.016831024,0.002321631,-0.0007108994,-0.007429219,0.01003585,0.014486977,0.0012448746,-0.018739564,0.0033975868,0.014217989,0.01867552,-0.0106763,0.0005499864,-0.0024865468],
                        "numCandidates": 100,
                        "limit": 10
                      }
                    }
                  ]
                  

               .. output:: 
                  :language: json
                
                  _id: ObjectId('573a1393f29313caabcdc953')
                  plot: "A boy raised by wolves tries to adapt to human village life."
                  genres: Array

                  _id: ObjectId('573a13abf29313caabd25027')
                  plot: "A man enslaved by the mob since childhood and raised into behaving lik…"
                  genres: Array

                  _id: 573a139af29313caabcef68b
                  plot: "A young bald albino boy with unique powers shakes up the rural communi…"
                  genres: Array

                  _id: ObjectId('573a13c8f29313caabd76dbe')
                  fullplot: "Valerie (Seyfried) is a beautiful young woman torn between two men. Sh…"
                  imdb: Object

                  _id: ObjectId(573a13aff29313caabd31299')
                  plot: "A man tries to live a normal life despite the fact that he sometimes t…"
                  genres: Array

                  _id: ObjectId(573a13b3f29313caabd3d2c3')
                  fullplot: "A young Viking boy is left behind at a hostile tribe of American India…"
                  imdb: Object

                  _id: ObjectId(573a13aef29313caabd2e73d')
                  plot: "After moving with his family into a new home, a boy discovers a bird-l…"
                  genres: Array

                  _id: ObjectId(573a1395f29313caabce10b7')
                  plot: "A teenage boy is cursed with periodically turning into an sheepdog."
                  genres: Array

                  _id: ObjectId(573a1397f29313caabce6828')
                  plot: "An orphan boy and his magical dragon come to town with his abusive ado…"
                  genres: Array

                  _id: ObjectId(573a13ecf29313caabdd205d')
                  plot: "An orphan, whose father has been killed by dark power, attempts to bri…"
                  genres: Array

   .. step:: Expand your query results.

      .. include:: /includes/fact-fts-expand-search-tester-results.rst
